88.0
6.39
18.24
18.99
18.99
18.96
18.5
19.3
49.1
5.53
4.79
4.79
5.2
5.19
5.19
5.19
5.19
5.59
5.47
5.49
5.47
5.59
5.59
5.63
5.98
5.98
6.0
6.0
0.75
6.29
49.5
49.44
49.2
49.45
49.44
48.57
49.84
49.84
49.88
50.64
51.0
52.22
52.99
4.4
4.39
4.4
4.4
4.39
4.28
0.75
4.68
3.94
4.79
4.79
4.35
4.34
4.35
4.35
4.35
3.84
3.84
3.84
3.94
3.57
3.94
3.94
3.94
3.94
3.55
3.55
0.75
3.43
3.55
3.55
3.55
3.55
3.55
3.55
3.54
3.55
3.55
3.89
3.38
3.6
3.6
3.6
4.05
4.05
4.05
4.9
7.23
13.87
12.61
13.12
11.34
10.23
5.78
4.49
4.49
3.66
4.1
3.59
3.59
4.59
0.75
4.28
0.77
3.49
3.5
3.94
4.39
5.19
6.09
5.78
6.29
5.93
5.54
5.59
8.23
12.12
51.77
7.14
4.69
4.28
5.7
0.75
5.78
5.39
5.83
5.85
