561522
527770
564573
528333
549314
537570
548422
547511
582464
649331
555680
498162
434812
454355
453306
458563
459000
472140
475190
485060
499905
556575
567645
517270
528612
540891
538407
535060
556500
539514
525076
553888
560265
566720
570099
563652
548432
553280
557833
558453
565799
571950
555995
554472
568568
554799
536703
542400
557830
550549
558760
559669
558443
555056
545105
530712
548067
546234
524212
564528
548784
528264
79287
516021
534644
521664
518954
544553
583310
78400
518925
516875
538266
505404
480396
501420
520614
77836
544621
79287
538880
555440
78155
548895
546715
555750
553744
553744
560025
555750
553744
79608
553744
555750
553744
553744
555750
540960
79534
551850
545907
552299
542892
542049
555750
550352
553350
568658
475242
446208
467784
471510
490854
462365
517055
575932
511083
608596
540385
626472
593210
532765
532130
553664
548288
549990
539296
561044
554470
548604
